С§ЙъИЛКэ     ҝОіМКэБҝ
28                6 

С§әЕ     РХГы     ҝОіМ1     ҝОіМ2     ҝОіМ3     ҝОіМ4     ҝОіМ5     ҝОіМ6     ЧЬ·Ц     ЖҪҫщ·Ц

1028     ІЬУұ     89.0     90.0     89.0     90.0     89.0     90.0     537.0     89.5
1005     іВҪЬ     89.0     91.0     90.0     88.0     91.0     91.0     540.0     90.0
1027     іМФ¶     74.0     76.0     75.0     74.0     76.0     75.0     450.0     75.0
1025     ¶ӯҪа     97.0     95.0     96.0     97.0     95.0     96.0     576.0     96.0
1023     ·лМО     75.0     77.0     76.0     75.0     77.0     76.0     456.0     76.0
1016     ёЯЕф     82.0     84.0     83.0     82.0     84.0     83.0     498.0     83.0
1014     №щҫІ     91.0     89.0     90.0     91.0     89.0     90.0     540.0     90.0
1015     әОО°     77.0     79.0     78.0     77.0     79.0     78.0     468.0     78.0
1013     әъҝӯ     83.0     85.0     84.0     83.0     85.0     84.0     504.0     84.0
1008     »ЖжГ     95.0     93.0     94.0     96.0     95.0     91.0     564.0     94.0
1003     АоДИ     92.0     88.0     90.0     91.0     89.0     90.0     540.0     90.0
1020     Бәі¬     80.0     82.0     81.0     80.0     82.0     81.0     486.0     81.0
1017     БЦС©     94.0     96.0     95.0     94.0     96.0     95.0     570.0     95.0
1004     БхСу     76.0     80.0     78.0     77.0     79.0     78.0     468.0     78.0
1018     ВЮСф     72.0     74.0     73.0     72.0     74.0     73.0     438.0     73.0
1012     ЛпАц     79.0     81.0     80.0     79.0     81.0     80.0     480.0     80.0
1022     МЖжә     93.0     91.0     92.0     93.0     91.0     92.0     552.0     92.0
1002     Нх·ј     78.0     82.0     80.0     79.0     81.0     80.0     480.0     80.0
1010     ОвЩ»     88.0     86.0     87.0     88.0     86.0     87.0     522.0     87.0
1026     ПфИ»     81.0     83.0     82.0     81.0     83.0     82.0     492.0     82.0
1021     Р»ҫь     69.0     71.0     70.0     69.0     71.0     70.0     420.0     70.0
1011     РмәЖ     90.0     92.0     91.0     90.0     92.0     91.0     546.0     91.0
1006     СоГф     84.0     87.0     85.0     86.0     84.0     87.0     513.0     85.5
1024     УЪСу     86.0     84.0     85.0     86.0     84.0     85.0     510.0     85.0
1001     ХЕО°     85.0     90.0     88.0     86.0     87.0     89.0     525.0     87.5
1007     ХФАЪ     73.0     75.0     74.0     72.0     73.0     77.0     444.0     74.0
1019     ЦЈЛ¬     87.0     88.0     87.0     88.0     87.0     88.0     525.0     87.5
1009     ЦЬЗҝ     68.0     70.0     69.0     67.0     68.0     72.0     414.0     69.0
